% %% FFD - Adapted from PyGeM
%% TODO: Vectorize
function newMeshPoints =  ffdRaeY_single(deformParams)
% meshPoints - original foil points and should be input for general use
% deformParams - [1X10] between 0 and 1 (0.5 == no deformation)
%- 

%%

deformParams = [0 0 (deformParams-0.5)*2 0 0]; % keep LE and TE at 0
%precomputedOriginal = true;
precomputedOriginal = false;
%if precomputedOriginal
    mesh_points = [1,0.00123250633863467;0.999937694758829,0.00124482645984067;0.999750794563087,0.00128177521435993;0.999439345992222,0.00134331780237373;0.999003426665747,0.00142939631556996;0.998443145223896,0.00153992987348243;0.997758641300553,0.00167481481289464;0.996950085488444,0.00183392492885595;0.996017679296629,0.00201711176546213;0.994961655100278,0.00222420495417600;0.993782276082762,0.00245501259711634;0.992479836170055,0.00270932169239772;0.991054659957490,0.00298689859831561;0.989507102628857,0.00328748953288154;0.987837549867887,0.00361082110497923;0.986046417762128,0.00395660087320275;0.984134152699253,0.00432451792825803;0.982101231255806,0.00471424349468960;0.979948160078428,0.00512543154758502;0.977675475757597,0.00555771943986909;0.975283744693891,0.00601072853577449;0.972773562956833,0.00648406484611744;0.970145556136338,0.00697731966106904;0.967400379186799,0.00749007017622438;0.964538716263865,0.00802188010792940;0.961561280553930,0.00857230029400788;0.958468814096394,0.00914086927626782;0.955262087598731,0.00972711386141915;0.951941900244412,0.0103305496573408;0.948509079493732,0.0109506815819623;0.944964480877590,0.0115870043423711;0.941308987784273,0.0122390028821510;0.937543511239297,0.0129061527953507;0.933668989678357,0.0135879207059030;0.929686388713456,0.0142837646117551;0.925596700892247,0.0149931341934104;0.921400945450675,0.0157154710870379;0.917100168058959,0.0164502091227569;0.912695440560988,0.0171967745291655;0.908187860707200,0.0179545861056140;0.903578551880993,0.0187230553641808;0.898868662818760,0.0195015866437138;0.894059367323596,0.0202895771987176;0.889151863972765,0.0210864172662433;0.884147375818985,0.0218914901142998;0.879047150085623,0.0227041720756292;0.873852457855855,0.0235238325709867;0.868564593755890,0.0243498341263246;0.863184875632320,0.0251815323885008;0.857714644223686,0.0260182761443120;0.852155262826336,0.0268594073477864;0.846508116954666,0.0277042611607627;0.840774613995817,0.0285521660118274;0.834956182858928,0.0294024436786759;0.829054273619019,0.0302544093989096;0.823070357155605,0.0311073720141838;0.817005924786120,0.0319606341524639;0.810862487894248,0.0328134924529526;0.804641577553259,0.0336652378380002;0.798344744144428,0.0345151558360197;0.791973556970654,0.0353625269590847;0.785529603865348,0.0362066271385133;0.779014490796721,0.0370467282213141;0.772429841467536,0.0378820985299166;0.765777296910451,0.0387120034871082;0.759058515079039,0.0395357063075878;0.752275170434589,0.0403524687569815;0.745428953528798,0.0411615519786055;0.738521570582446,0.0419622173876591;0.731554743060175,0.0427537276319328;0.724530207241461,0.0435353476174936;0.717449713787897,0.0443063455971986;0.710315027306893,0.0450659943192597;0.703127925911895,0.0458135722324743;0.695890200779247,0.0465483647441332;0.688603655701789,0.0472696655260238;0.681270106639313,0.0479767778633870;0.673891381265992,0.0486690160411380;0.666469318514881,0.0493457067611509;0.659005768119620,0.0500061905839322;0.651502590153437,0.0506498233875649;0.643961654565584,0.0512759778364164;0.636384840715302,0.0518840448517475;0.628774036903449,0.0524734350760700;0.621131139901893,0.0530435803228507;0.613458054480796,0.0535939350029755;0.605756692933911,0.0541239775192590;0.598028974601990,0.0546332116202166;0.590276825394452,0.0551211677043126;0.582502177309401,0.0555874040659581;0.574706967952132,0.0560315080746545;0.566893140052241,0.0564530972788694;0.559062640979455,0.0568518204264822;0.551217422258308,0.0572273583939548;0.543359439081777,0.0575794250167623;0.535490649824009,0.0579077678140559;0.527613015552255,0.0582121686010305;0.519728499538128,0.0584924439830218;0.511839066768313,0.0587484457259630;0.503946683454858,0.0589800609984900;0.496053316545142,0.0591872124816790;0.488160933231687,0.0593698583431445;0.480271500461873,0.0595279920730047;0.472386984447745,0.0596616421800236;0.464509350175991,0.0597708717470772;0.456640560918224,0.0598557778459452;0.448782577741692,0.0599164908122941;0.440937359020545,0.0599531733826000;0.433106859947759,0.0599660196956320;0.425293032047869,0.0599552541620005;0.417497822690599,0.0599211302061318;0.409723174605548,0.0598639288858876;0.401971025398010,0.0597839573958705;0.394243307066090,0.0596815474612574;0.386541945519204,0.0595570536297680;0.378868860098108,0.0594108514701000;0.371225963096551,0.0592433356858428;0.363615159284698,0.0590549181545100;0.356038345434416,0.0588460259019058;0.348497409846563,0.0586170990225524;0.340994231880380,0.0583685885573560;0.333530681485119,0.0581009543400698;0.326108618734008,0.0578146628244210;0.318729893360687,0.0575101849040066;0.311396344298211,0.0571879937372192;0.304109799220753,0.0568485625895453;0.296872074088105,0.0564923627055796;0.289684972693107,0.0561198612230178;0.282550286212103,0.0557315191407292;0.275469792758539,0.0553277893527702;0.268445256939826,0.0549091147598781;0.261478429417555,0.0544759264695847;0.254571046471203,0.0540286420956165;0.247724829565411,0.0535676641666963;0.240941484920961,0.0530933786542464;0.234222703089549,0.0526061536278031;0.227570158532464,0.0521063380462090;0.220985509203280,0.0515942606918382;0.214470396134652,0.0510702292542554;0.208026443029347,0.0505345295687974;0.201655255855572,0.0499874250146221;0.195358422446741,0.0494291560757802;0.189137512105752,0.0488599400678562;0.182994075213880,0.0482799710316828;0.176929642844395,0.0476894197945862;0.170945726380981,0.0470884341985526;0.165043817141072,0.0464771394936475;0.159225386004183,0.0458556388939574;0.153491883045334,0.0452240142922816;0.147844737173664,0.0445823271287728;0.142285355776314,0.0439306194077266;0.136815124367680,0.0432689148557545;0.131435406244110,0.0425972202136491;0.126147542144145,0.0419155266533685;0.120952849914377,0.0412238113107430;0.115852624181015,0.0405220389237371;0.110848136027235,0.0398101635653943;0.105940632676404,0.0390881304599593;0.101131337181240,0.0383558778701073;0.0964214481190073,0.0376133390427256;0.0918121392928005,0.0368604442002921;0.0873045594390119,0.0360971225645711;0.0828998319410413,0.0353233043991179;0.0785990545493247,0.0345389230569374;0.0744032991077527,0.0337439170195876;0.0703136112865441,0.0329382319140552;0.0663310103216427,0.0321218224938566;0.0624564887607033,0.0312946545710333;0.0586910122157266,0.0304567068860170;0.0550355191224100,0.0296079729027312;0.0514909205062683,0.0287484625167717;0.0480580997555883,0.0278782036650695;0.0447379124012690,0.0269972438260728;0.0415311859036057,0.0261056514001967;0.0384387194460697,0.0252035169610707;0.0354612837361348,0.0242909543689537;0.0325996208132009,0.0233681017385953;0.0298544438636623,0.0224351222547715;0.0272264370431665,0.0214922048297308;0.0247162553061086,0.0205395645978252;0.0223245242424026,0.0195774432436769;0.0200518399215715,0.0186061091613332;0.0178987687441942,0.0176258574429788;0.0158658473007464,0.0166370096969077;0.0139535822378715,0.0156399136955877;0.0121624501321132,0.0146349428557809;0.0104928973711427,0.0136224955537986;0.00894534004250980,0.0126029942800695;0.00752016382994475,0.0115768846382664;0.00621772391723813,0.0105446341952766;0.00503834489972144,0.00950673118929171;0.00398232070337112,0.00846368310424521;0.00304991451155612,0.00741601511971206;0.00224135869944703,0.00636426844622189;0.00155685477610340,0.00530899855670017;0.000996573334253292,0.00425077332544718;0.000560654007778216,0.00319017108668333;0.000249205436913091,0.00212777862522540;6.23052411713454e-05,0.00106418911231769;0,0;0,0;6.23052411713454e-05,-0.00108802998540442;0.000249205436913091,-0.00217545868847233;0.000560654007778216,-0.00326168808328890;